26.943892 108.097225
26.829008 108.437698
26.713420 108.779604
26.597121 109.122962
26.480103 109.467795
26.362359 109.814123
26.243879 110.161971
26.124655 110.511360
26.004679 110.862314
25.883942 111.214857
25.762434 111.569015
25.640145 111.924811
25.517067 112.282273
25.393190 112.641427
25.268502 113.002300
25.142994 113.364921
25.016654 113.729318
24.889471 114.095521
24.761434 114.463560
24.632531 114.833467
24.502750 115.205274
24.372079 115.579014
24.240503 115.954721
24.108010 116.332429
23.974587 116.712176
23.840219 117.093997
23.704891 117.477932
23.568588 117.864019
23.431295 118.252300
23.292996 118.642816
23.153674 119.035609
23.013312 119.430726
22.871892 119.828211
22.729397 120.228112
22.585806 120.630478
22.441101 121.035360
22.295262 121.442810
22.148266 121.852882
22.000094 122.265633
21.850721 122.681120
21.700125 123.099404
21.548282 123.520547
21.395166 123.944614
21.240751 124.371671
21.085010 124.801789
20.927916 125.235039
20.769439 125.671497
20.609547 126.111242
20.448211 126.554353
20.285396 127.000917
20.121068 127.451021
19.955191 127.904758
19.787728 128.362223
19.618639 128.823516
19.447884 129.288743
19.275419 129.758012
19.101201 130.231439
18.925181 130.709144
18.747310 131.191251
18.567538 131.677894
18.385809 132.169211
18.202066 132.665348
18.016249 133.166459
17.828296 133.672704
17.638138 134.184255
17.445705 134.701291
17.250923 135.224003
17.053712 135.752592
16.853989 136.287272
16.651665 136.828269
16.446645 137.375825
16.238828 137.930195
16.028108 138.491653
15.814370 139.060491
15.597490 139.637021
15.377339 140.221578
15.153773 140.814522
14.926642 141.416239
14.695781 142.027147
14.461014 142.647697
14.222148 143.278378
13.978974 143.919723
13.731266 144.572310
13.478774 145.236773
13.221225 145.913807
12.958320 146.604177
12.689726 147.308727
12.415076 148.028397
12.133960 148.764231
11.845918 149.517401
11.550433 150.289225
11.246918 151.081197
10.934707 151.895020
10.613032 152.732653
10.281005 153.596361
9.937587 154.488793
9.581554 155.413077
9.211441 156.372951
8.825474 157.372946
8.421470 158.418637
